race_id,umaban,horse_id,horse_name,waku,stable_comment,stable_comment_reporter,stable_comment_rating_code,training_review,training_date,training_course,training_track_condition,training_rider,training_times,training_partner_comment,training_position,training_load,training_critic,training_rank,past1_date,past1_venue,past1_finish,past1_race_name,past1_race_class,past1_surface_distance,past1_time,past1_track_condition,past1_field_size,past1_umaban_in_race,past1_ninki,past1_jockey,past1_weight_carried,past1_corner_positions,past1_agari_3f,past1_horse_weight,past1_horse_weight_diff,past1_beaten_by,past1_birthday,past2_date,past2_venue,past2_finish,past2_race_name,past2_race_class,past2_surface_distance,past2_time,past2_track_condition,past2_field_size,past2_umaban_in_race,past2_ninki,past2_jockey,past2_weight_carried,past2_corner_positions,past2_agari_3f,past2_horse_weight,past2_horse_weight_diff,past2_beaten_by,past2_birthday,past3_date,past3_venue,past3_finish,past3_race_name,past3_race_class,past3_surface_distance,past3_time,past3_track_condition,past3_field_size,past3_umaban_in_race,past3_ninki,past3_jockey,past3_weight_carried,past3_corner_positions,past3_agari_3f,past3_horse_weight,past3_horse_weight_diff,past3_beaten_by,past3_birthday,past4_date,past4_venue,past4_finish,past4_race_name,past4_race_class,past4_surface_distance,past4_time,past4_track_condition,past4_field_size,past4_umaban_in_race,past4_ninki,past4_jockey,past4_weight_carried,past4_corner_positions,past4_agari_3f,past4_horse_weight,past4_horse_weight_diff,past4_beaten_by,past4_birthday,past5_date,past5_venue,past5_finish,past5_race_name,past5_race_class,past5_surface_distance,past5_time,past5_track_condition,past5_field_size,past5_umaban_in_race,past5_ninki,past5_jockey,past5_weight_carried,past5_corner_positions,past5_agari_3f,past5_horse_weight,past5_horse_weight_diff,past5_beaten_by,past5_birthday,speed_horse_id,speed_horse_name,speed_sex_age,speed_jockey,speed_max_index,speed_avg_index_5races,speed_max_distance_index,speed_max_course_index,speed_index_3races_ago,speed_index_2races_ago,speed_index_1race_ago,speed_odds,speed_ninki,speed_weight_carried,holdtime_just_race_id,holdtime_just_race_name,holdtime_just_race_date,holdtime_just_jyo,holdtime_just_baba,holdtime_just_babasa,holdtime_just_kinryo,holdtime_just_time,holdtime_just_l3f,holdtime_just_jyuni,holdtime_just_kyakusitu,holdtime_just_wakuban,holdtime_just_pace,holdtime_just_sex,holdtime_just_age,holdtime_short_race_id,holdtime_short_race_name,holdtime_short_race_date,holdtime_short_jyo,holdtime_short_baba,holdtime_short_babasa,holdtime_short_kinryo,holdtime_short_time,holdtime_short_l3f,holdtime_short_jyuni,holdtime_short_kyakusitu,holdtime_short_wakuban,holdtime_short_pace,holdtime_short_sex,holdtime_short_age,holdtime_middle_race_id,holdtime_middle_race_name,holdtime_middle_race_date,holdtime_middle_jyo,holdtime_middle_baba,holdtime_middle_babasa,holdtime_middle_kinryo,holdtime_middle_time,holdtime_middle_l3f,holdtime_middle_jyuni,holdtime_middle_kyakusitu,holdtime_middle_wakuban,holdtime_middle_pace,holdtime_middle_sex,holdtime_middle_age,holdtime_long_race_id,holdtime_long_race_name,holdtime_long_race_date,holdtime_long_jyo,holdtime_long_baba,holdtime_long_babasa,holdtime_long_kinryo,holdtime_long_time,holdtime_long_l3f,holdtime_long_jyuni,holdtime_long_kyakusitu,holdtime_long_wakuban,holdtime_long_pace,holdtime_long_sex,holdtime_long_age,bias_horse_id,bias_horse_name,bias_sire,bias_sire_bloodline,bias_dam_sire,bias_dam_sire_bloodline,bias_sex_age,bias_weight_carried,bias_horse_weight,bias_jockey,bias_trainer,bias_win_odds,bias_ninki,ca_waku_category_label,ca_waku_win_1st,ca_waku_win_2nd,ca_waku_win_3rd,ca_waku_win_out,ca_waku_runs,ca_waku_win_rate,ca_waku_place2_rate,ca_waku_place3_rate,ca_waku_win_return_rate,ca_waku_place_return_rate,ca_waku_horse_id,ca_waku_horse_name,ca_running_style_category_label,ca_running_style_win_1st,ca_running_style_win_2nd,ca_running_style_win_3rd,ca_running_style_win_out,ca_running_style_runs,ca_running_style_win_rate,ca_running_style_place2_rate,ca_running_style_place3_rate,ca_running_style_win_return_rate,ca_running_style_place_return_rate,ca_running_style_horse_id,ca_running_style_horse_name,ca_jockey_category_label,ca_jockey_win_1st,ca_jockey_win_2nd,ca_jockey_win_3rd,ca_jockey_win_out,ca_jockey_runs,ca_jockey_win_rate,ca_jockey_place2_rate,ca_jockey_place3_rate,ca_jockey_win_return_rate,ca_jockey_place_return_rate,ca_jockey_horse_id,ca_jockey_horse_name,ca_trainer_category_label,ca_trainer_win_1st,ca_trainer_win_2nd,ca_trainer_win_3rd,ca_trainer_win_out,ca_trainer_runs,ca_trainer_win_rate,ca_trainer_place2_rate,ca_trainer_place3_rate,ca_trainer_win_return_rate,ca_trainer_place_return_rate,ca_trainer_horse_id,ca_trainer_horse_name,ca_sire_category_label,ca_sire_win_1st,ca_sire_win_2nd,ca_sire_win_3rd,ca_sire_win_out,ca_sire_runs,ca_sire_win_rate,ca_sire_place2_rate,ca_sire_place3_rate,ca_sire_win_return_rate,ca_sire_place_return_rate,ca_sire_horse_id,ca_sire_horse_name,ca_broodmare_sire_category_label,ca_broodmare_sire_win_1st,ca_broodmare_sire_win_2nd,ca_broodmare_sire_win_3rd,ca_broodmare_sire_win_out,ca_broodmare_sire_runs,ca_broodmare_sire_win_rate,ca_broodmare_sire_place2_rate,ca_broodmare_sire_place3_rate,ca_broodmare_sire_win_return_rate,ca_broodmare_sire_place_return_rate,ca_broodmare_sire_horse_id,ca_broodmare_sire_horse_name,concerned_category_label,concerned_horse_id,concerned_horse_name,concerned_win_1st,concerned_win_2nd,concerned_win_3rd,concerned_win_out,concerned_runs,concerned_win_rate,concerned_place2_rate,concerned_place3_rate,concerned_win_return_rate,concerned_place_return_rate,surf_ketto_training_category_label,surf_ketto_training_horse_id,surf_ketto_training_horse_name,surf_ketto_training_win_1st,surf_ketto_training_win_2nd,surf_ketto_training_win_3rd,surf_ketto_training_win_out,surf_ketto_training_runs,surf_ketto_training_win_rate,surf_ketto_training_place2_rate,surf_ketto_training_place3_rate,surf_ketto_training_win_return_rate,surf_ketto_training_place_return_rate,surf_ketto_comment_category_label,surf_ketto_comment_horse_id,surf_ketto_comment_horse_name,surf_ketto_comment_win_1st,surf_ketto_comment_win_2nd,surf_ketto_comment_win_3rd,surf_ketto_comment_win_out,surf_ketto_comment_runs,surf_ketto_comment_win_rate,surf_ketto_comment_place2_rate,surf_ketto_comment_place3_rate,surf_ketto_comment_win_return_rate,surf_ketto_comment_place_return_rate,surf_odds_jockey_category_label,surf_odds_jockey_horse_id,surf_odds_jockey_horse_name,surf_odds_jockey_win_1st,surf_odds_jockey_win_2nd,surf_odds_jockey_win_3rd,surf_odds_jockey_win_out,surf_odds_jockey_runs,surf_odds_jockey_win_rate,surf_odds_jockey_place2_rate,surf_odds_jockey_place3_rate,surf_odds_jockey_win_return_rate,surf_odds_jockey_place_return_rate,surf_jockey_trainer_category_label,surf_jockey_trainer_horse_id,surf_jockey_trainer_horse_name,surf_jockey_trainer_win_1st,surf_jockey_trainer_win_2nd,surf_jockey_trainer_win_3rd,surf_jockey_trainer_win_out,surf_jockey_trainer_runs,surf_jockey_trainer_win_rate,surf_jockey_trainer_place2_rate,surf_jockey_trainer_place3_rate,surf_jockey_trainer_win_return_rate,surf_jockey_trainer_place_return_rate,surf_jockey_owner_category_label,surf_jockey_owner_horse_id,surf_jockey_owner_horse_name,surf_jockey_owner_win_1st,surf_jockey_owner_win_2nd,surf_jockey_owner_win_3rd,surf_jockey_owner_win_out,surf_jockey_owner_runs,surf_jockey_owner_win_rate,surf_jockey_owner_place2_rate,surf_jockey_owner_place3_rate,surf_jockey_owner_win_return_rate,surf_jockey_owner_place_return_rate,surf_jockey_prevjockey_category_label,surf_jockey_prevjockey_horse_id,surf_jockey_prevjockey_horse_name,surf_jockey_prevjockey_win_1st,surf_jockey_prevjockey_win_2nd,surf_jockey_prevjockey_win_3rd,surf_jockey_prevjockey_win_out,surf_jockey_prevjockey_runs,surf_jockey_prevjockey_win_rate,surf_jockey_prevjockey_place2_rate,surf_jockey_prevjockey_place3_rate,surf_jockey_prevjockey_win_return_rate,surf_jockey_prevjockey_place_return_rate,data_distance_horse_id,data_distance_horse_name,data_distance_slot1_label,data_distance_slot1_note,data_distance_slot1_win_1st,data_distance_slot1_win_2nd,data_distance_slot1_win_3rd,data_distance_slot1_win_out,data_distance_slot1_runs,data_distance_slot1_win_rate,data_distance_slot1_place2_rate,data_distance_slot1_place3_rate,data_distance_slot1_win_return_rate,data_distance_slot1_place_return_rate,data_distance_slot2_label,data_distance_slot2_note,data_distance_slot2_win_1st,data_distance_slot2_win_2nd,data_distance_slot2_win_3rd,data_distance_slot2_win_out,data_distance_slot2_runs,data_distance_slot2_win_rate,data_distance_slot2_place2_rate,data_distance_slot2_place3_rate,data_distance_slot2_win_return_rate,data_distance_slot2_place_return_rate,data_distance_slot3_label,data_distance_slot3_note,data_distance_slot3_win_1st,data_distance_slot3_win_2nd,data_distance_slot3_win_3rd,data_distance_slot3_win_out,data_distance_slot3_runs,data_distance_slot3_win_rate,data_distance_slot3_place2_rate,data_distance_slot3_place3_rate,data_distance_slot3_win_return_rate,data_distance_slot3_place_return_rate,data_distance_slot4_label,data_distance_slot4_note,data_distance_slot4_win_1st,data_distance_slot4_win_2nd,data_distance_slot4_win_3rd,data_distance_slot4_win_out,data_distance_slot4_runs,data_distance_slot4_win_rate,data_distance_slot4_place2_rate,data_distance_slot4_place3_rate,data_distance_slot4_win_return_rate,data_distance_slot4_place_return_rate,data_distance_slot5_label,data_distance_slot5_note,data_distance_slot5_win_1st,data_distance_slot5_win_2nd,data_distance_slot5_win_3rd,data_distance_slot5_win_out,data_distance_slot5_runs,data_distance_slot5_win_rate,data_distance_slot5_place2_rate,data_distance_slot5_place3_rate,data_distance_slot5_win_return_rate,data_distance_slot5_place_return_rate,data_course_horse_id,data_course_horse_name,data_course_slot1_label,data_course_slot1_note,data_course_slot1_win_1st,data_course_slot1_win_2nd,data_course_slot1_win_3rd,data_course_slot1_win_out,data_course_slot1_runs,data_course_slot1_win_rate,data_course_slot1_place2_rate,data_course_slot1_place3_rate,data_course_slot1_win_return_rate,data_course_slot1_place_return_rate,data_course_slot2_label,data_course_slot2_note,data_course_slot2_win_1st,data_course_slot2_win_2nd,data_course_slot2_win_3rd,data_course_slot2_win_out,data_course_slot2_runs,data_course_slot2_win_rate,data_course_slot2_place2_rate,data_course_slot2_place3_rate,data_course_slot2_win_return_rate,data_course_slot2_place_return_rate,data_course_slot3_label,data_course_slot3_note,data_course_slot3_win_1st,data_course_slot3_win_2nd,data_course_slot3_win_3rd,data_course_slot3_win_out,data_course_slot3_runs,data_course_slot3_win_rate,data_course_slot3_place2_rate,data_course_slot3_place3_rate,data_course_slot3_win_return_rate,data_course_slot3_place_return_rate,data_course_slot4_label,data_course_slot4_note,data_course_slot4_win_1st,data_course_slot4_win_2nd,data_course_slot4_win_3rd,data_course_slot4_win_out,data_course_slot4_runs,data_course_slot4_win_rate,data_course_slot4_place2_rate,data_course_slot4_place3_rate,data_course_slot4_win_return_rate,data_course_slot4_place_return_rate,data_condition_horse_id,data_condition_horse_name,data_condition_slot1_label,data_condition_slot1_note,data_condition_slot1_win_1st,data_condition_slot1_win_2nd,data_condition_slot1_win_3rd,data_condition_slot1_win_out,data_condition_slot1_runs,data_condition_slot1_win_rate,data_condition_slot1_place2_rate,data_condition_slot1_place3_rate,data_condition_slot1_win_return_rate,data_condition_slot1_place_return_rate,data_condition_slot2_label,data_condition_slot2_note,data_condition_slot2_win_1st,data_condition_slot2_win_2nd,data_condition_slot2_win_3rd,data_condition_slot2_win_out,data_condition_slot2_runs,data_condition_slot2_win_rate,data_condition_slot2_place2_rate,data_condition_slot2_place3_rate,data_condition_slot2_win_return_rate,data_condition_slot2_place_return_rate,data_condition_slot3_label,data_condition_slot3_note,data_condition_slot3_win_1st,data_condition_slot3_win_2nd,data_condition_slot3_win_3rd,data_condition_slot3_win_out,data_condition_slot3_runs,data_condition_slot3_win_rate,data_condition_slot3_place2_rate,data_condition_slot3_place3_rate,data_condition_slot3_win_return_rate,data_condition_slot3_place_return_rate,data_condition_slot4_label,data_condition_slot4_note,data_condition_slot4_win_1st,data_condition_slot4_win_2nd,data_condition_slot4_win_3rd,data_condition_slot4_win_out,data_condition_slot4_runs,data_condition_slot4_win_rate,data_condition_slot4_place2_rate,data_condition_slot4_place3_rate,data_condition_slot4_win_return_rate,data_condition_slot4_place_return_rate,data_others_horse_id,data_others_horse_name,data_others_slot1_label,data_others_slot1_note,data_others_slot1_win_1st,data_others_slot1_win_2nd,data_others_slot1_win_3rd,data_others_slot1_win_out,data_others_slot1_runs,data_others_slot1_win_rate,data_others_slot1_place2_rate,data_others_slot1_place3_rate,data_others_slot1_win_return_rate,data_others_slot1_place_return_rate,data_others_slot2_label,data_others_slot2_note,data_others_slot2_win_1st,data_others_slot2_win_2nd,data_others_slot2_win_3rd,data_others_slot2_win_out,data_others_slot2_runs,data_others_slot2_win_rate,data_others_slot2_place2_rate,data_others_slot2_place3_rate,data_others_slot2_win_return_rate,data_others_slot2_place_return_rate,data_others_slot3_label,data_others_slot3_note,data_others_slot3_win_1st,data_others_slot3_win_2nd,data_others_slot3_win_3rd,data_others_slot3_win_out,data_others_slot3_runs,data_others_slot3_win_rate,data_others_slot3_place2_rate,data_others_slot3_place3_rate,data_others_slot3_win_return_rate,data_others_slot3_place_return_rate,data_cushion_horse_id,data_cushion_horse_name,data_cushion_slot1_label,data_cushion_slot1_note,data_cushion_slot1_win_1st,data_cushion_slot1_win_2nd,data_cushion_slot1_win_3rd,data_cushion_slot1_win_out,data_cushion_slot1_runs,data_cushion_slot1_win_rate,data_cushion_slot1_place2_rate,data_cushion_slot1_place3_rate,data_cushion_slot1_win_return_rate,data_cushion_slot1_place_return_rate,data_cushion_slot2_label,data_cushion_slot2_note,data_cushion_slot2_win_1st,data_cushion_slot2_win_2nd,data_cushion_slot2_win_3rd,data_cushion_slot2_win_out,data_cushion_slot2_runs,data_cushion_slot2_win_rate,data_cushion_slot2_place2_rate,data_cushion_slot2_place3_rate,data_cushion_slot2_win_return_rate,data_cushion_slot2_place_return_rate,data_baba_water_horse_id,data_baba_water_horse_name,data_baba_water_slot1_label,data_baba_water_slot1_note,data_baba_water_slot1_win_1st,data_baba_water_slot1_win_2nd,data_baba_water_slot1_win_3rd,data_baba_water_slot1_win_out,data_baba_water_slot1_runs,data_baba_water_slot1_win_rate,data_baba_water_slot1_place2_rate,data_baba_water_slot1_place3_rate,data_baba_water_slot1_win_return_rate,data_baba_water_slot1_place_return_rate,data_baba_water_slot2_label,data_baba_water_slot2_note,data_baba_water_slot2_win_1st,data_baba_water_slot2_win_2nd,data_baba_water_slot2_win_3rd,data_baba_water_slot2_win_out,data_baba_water_slot2_runs,data_baba_water_slot2_win_rate,data_baba_water_slot2_place2_rate,data_baba_water_slot2_place3_rate,data_baba_water_slot2_win_return_rate,data_baba_water_slot2_place_return_rate,mark_raw_坂田,mark_raw_CP予想,mark_raw_マリア,mark_raw_馬場予想,mark_honshi,mark_cp,mark_other,corner4_rank,corner4_gap_pct,corner4_gap_lengths,corner4_speedup,corner3_rank,corner3_gap_pct,corner3_gap_lengths
202630081210,1,2015110074,ジャスパーエイト,,,,,,,,,,,,,,,,2026.07.15,門別,5,夏秋どり(C3),,ダ1000,1:03.3,稍,10,8,6,石川倭,57.0,8-6,38.2,494,-4,ラグナキリア(1.1),,2026.07.01,門別,5,レジェン(C3),,ダ1000,1:03.2,良,9,5,4,石川倭,57.0,8-7,38.0,498,+6,ノアルパフェ(1.3),,2026.06.18,門別,4,日高町水(C3),,ダ1000,1:02.5,良,12,2,8,石川倭,57.0,8-7,37.6,492,-4,スティールファイン(0.6),,2026.06.04,門別,10,バターが(C3),,ダ1000,1:03.3,良,12,6,7,阿部龍,57.0,11-10,38.1,496,-6,グリーンエリクサー(2.0),,2026.05.06,門別,9,カーネー(C3),,ダ1000,1:02.9,良,12,5,5,阿部龍,57.0,12-11,38.0,502,0,クラウンヴィラン(1.6),,2015110074,ジャスパーエイト,,石川倭,,,,,,,,,,,202230072011,新冠町軽種馬生産振興,20220720,門別,不,-33,55,1:12.5,35.8,5,追,2,H,牡,7,201810020904,未勝利,20180825,小倉,良,-4,56,0:58.9,35.5,1,差,4,H,牡,3,202230072011,新冠町軽種馬生産振興,20220720,門別,不,-33,55,1:12.5,35.8,5,追,2,H,牡,7,201846103009,ＪＲＡ交流加賀白山賞,20181030,金沢,不,2,55,1:37.3,39.4,2,差,1,M,牡,3,2015110074,ジャスパーエイト,Shackleford,ノーザンダンサー系,Shawklit Won,ナスルーラ系,牡11,57.0,498(+4),石川倭,佐久間雅,85.0,11,1枠,74,60,89,763,986,7%,13%,22%,53%,50%,2015110074,ジャスパーエイト,差,601,687,714,5259,7261,8%,17%,27%,59%,64%,2015110074,ジャスパーエイト,石川倭,162,128,97,375,762,21%,38%,50%,85%,77%,2015110074,ジャスパーエイト,佐久間雅,28,12,22,190,252,11%,15%,24%,75%,50%,2015110074,ジャスパーエイト,Shackleford,0,0,0,3,3,0%,0%,0%,0%,0%,2015110074,ジャスパーエイト,,0,0,0,0,0,0%,0%,0%,0%,0%,2015110074,ジャスパーエイト,門別ダート1200m,2015110074,ジャスパーエイト,1,0,0,12,13,8%,8%,8%,22%,10%,,,,,,,,,,,,,,,,,,,,,,,,,,,,,,,,,,,,,,,,,,,,,,,,,,,,,,,,,,,,,,,,,,,,,,,,,,,,,,,2015110074,ジャスパーエイト,ダート1200m,,1,0,0,16,17,5.9%,5.9%,5.9%,17.1%,7.6%,ダート1000m,,5,4,5,20,34,14.7%,26.5%,41.2%,321.5%,115.3%,ダート1500m,,0,1,0,1,2,0%,50%,50%,0%,55%,ダート1600m,,0,0,0,0,0,0%,0%,0%,0%,0%,全成績,,6,7,5,43,61,9.8%,21.3%,29.5%,183.9%,78%,2015110074,ジャスパーエイト,ダート門別,,5,4,4,30,43,11.6%,20.9%,30.2%,247.4%,84.9%,ダート・右,,6,7,5,42,60,10%,21.7%,30%,187%,79.3%,ダート・左,,0,0,0,0,0,0%,0%,0%,0%,0%,全成績,,6,7,5,43,61,9.8%,21.3%,29.5%,183.9%,78%,2015110074,ジャスパーエイト,ダート・良,,4,3,4,18,29,13.8%,24.1%,37.9%,329.7%,105.5%,ダート・稍重,,0,2,1,11,14,0%,14.3%,21.4%,0%,53.6%,ダート・重,,1,1,0,9,11,9.1%,18.2%,18.2%,26.4%,49.1%,ダート・不良,,1,1,0,3,5,20%,40%,40%,274%,82%,2015110074,ジャスパーエイト,中3週,,2,1,3,10,16,12.5%,18.8%,37.5%,515%,118.1%,57kg,,2,4,4,25,35,5.7%,17.1%,28.6%,230%,86.3%,馬体重,連対時馬体重482kg～512kg,,,,,,,,,,,2015110074,ジャスパーエイト,全成績,,6,7,5,43,61,9.8%,21.3%,29.5%,183.9%,78%,全成績,,6,7,5,43,61,9.8%,21.3%,29.5%,183.9%,78%,2015110074,ジャスパーエイト,全成績,,6,7,5,43,61,9.8%,21.3%,29.5%,183.9%,78%,全成績,,6,7,5,43,61,9.8%,21.3%,29.5%,183.9%,78%,,,,△,,,,12,100.0,9.94,2,12,100.0,9.94
202630081210,2,2021101673,エスカルチャ,,,,,,,,,,,,,,,,2026.07.30,門別,6,3歳以上(C3),,ダ1200,1:15.9,稍,8,8,8,小川悠汰,54.0,5-5,38.7,534,-10,ガイストゼーゲン(1.8),,2026.07.16,門別,6,3歳以上(C3),,ダ1200,1:16.8,重,7,3,7,藤田凌駕,55.0,4-4,40.2,544,+2,ピエールテネシー(1.8),,2026.07.02,門別,6,グランシ(C3),,ダ1200,1:16.4,良,9,3,7,藤田凌駕,55.0,5-6,39.0,542,+2,トゥレアレンシス(1.2),,2026.06.18,門別,11,グランシ(C3),,ダ1200,1:15.9,良,13,7,8,近藤翔月,56.0,10-10,38.4,540,-4,コココーハク(1.5),,2026.06.04,門別,8,骨密度な(C3),,ダ1200,1:16.6,良,12,1,11,落合玄太,57.0,12-11,38.0,544,+4,スティルアローン(1.9),,2021101673,エスカルチャ,,小川悠汰,,,,,,,,,,,202630073004,３歳以上Ｃ３ー２Ｃ４,20260730,門別,稍,-27,54,1:15.9,38.7,6,追,8,M,牡,5,,,,,,,,,,,,,,,,202630073004,３歳以上Ｃ３ー２Ｃ４,20260730,門別,稍,-27,54,1:15.9,38.7,6,追,8,M,牡,5,,,,,,,,,,,,,,,,2021101673,エスカルチャ,ファインニードル,ネイティヴダンサー系,Red Ransom,ターントゥ系,牡5,54.0,532(-2),小川悠汰,小野望,386.4,12,2枠,75,93,87,744,999,7%,16%,25%,41%,56%,2021101673,エスカルチャ,差,601,687,714,5259,7261,8%,17%,27%,59%,64%,2021101673,エスカルチャ,小川悠汰,1,1,6,55,63,1%,3%,12%,19%,43%,2021101673,エスカルチャ,小野望,67,69,65,363,564,11%,24%,35%,79%,73%,2021101673,エスカルチャ,ファインニードル,2,5,6,58,71,2%,9%,18%,4%,35%,2021101673,エスカルチャ,,0,0,0,0,0,0%,0%,0%,0%,0%,2021101673,エスカルチャ,門別ダート1200m,2021101673,エスカルチャ,0,0,0,6,6,0%,0%,0%,0%,0%,,,,,,,,,,,,,,,,,,,,,,,,,,,,,,,,,,,,,,,,,,,,,,,,,,,,,,,,,,,,,,,,,,,,,,,,,,,,,,,2021101673,エスカルチャ,ダート1200m,,0,0,1,8,9,0%,0%,11.1%,0%,45.6%,ダート1000m,,0,0,0,0,0,0%,0%,0%,0%,0%,ダート1500m,,0,0,0,0,0,0%,0%,0%,0%,0%,ダート1600m,,0,0,1,8,9,0%,0%,11.1%,0%,16.7%,全成績,,2,0,4,33,39,5.1%,5.1%,15.4%,9.2%,45.4%,2021101673,エスカルチャ,ダート門別,,0,0,0,8,8,0%,0%,0%,0%,0%,ダート・右,,2,0,4,21,27,7.4%,7.4%,22.2%,13.3%,65.6%,ダート・左,,0,0,0,5,5,0%,0%,0%,0%,0%,全成績,,2,0,4,33,39,5.1%,5.1%,15.4%,9.2%,45.4%,2021101673,エスカルチャ,ダート・良,,2,0,2,14,18,11.1%,11.1%,22.2%,20%,60%,ダート・稍重,,0,0,1,8,9,0%,0%,11.1%,0%,60%,ダート・重,,0,0,1,2,3,0%,0%,33.3%,0%,50%,ダート・不良,,0,0,0,2,2,0%,0%,0%,0%,0%,2021101673,エスカルチャ,中1週,,0,0,1,21,22,0%,0%,4.5%,0%,18.2%,54kg,,0,0,1,1,2,0%,0%,50%,0%,75%,馬体重,連対時馬体重546kg～551kg,,,,,,,,,,,2021101673,エスカルチャ,全成績,,2,0,4,33,39,5.1%,5.1%,15.4%,9.2%,45.4%,全成績,,2,0,4,33,39,5.1%,5.1%,15.4%,9.2%,45.4%,2021101673,エスカルチャ,全成績,,2,0,4,33,39,5.1%,5.1%,15.4%,9.2%,45.4%,全成績,,2,0,4,33,39,5.1%,5.1%,15.4%,9.2%,45.4%,,,,,,,★,9,52.17,5.19,2,9,53.24,5.29
202630081210,3,2021104675,トレビアンクリール,,,,,,,,,,,,,,,,2026.07.30,門別,7,グランシ(C3),,ダ1800,2:00.8,稍,11,2,8,宮内勇樹,57.0,1-1-1-3,40.4,444,+6,ビービーエリス(2.6),,2026.07.01,門別,6,大人にな(C3),,ダ1600,1:46.0,良,8,7,7,宮内勇樹,57.0,2-2-1-4,41.6,438,+2,アルバソーレ(1.8),,2026.06.04,門別,9,グランシ(C3),,ダ1800,2:00.5,良,12,4,9,渡辺準己,54.0,5-5-6-5,40.6,436,-2,メイショウハリソン(2.6),,2026.05.21,門別,取,ステラヴ(C3),,ダ1700 良,,,0,5,,渡辺準己,54.0,(0.0),442(+4,,,(0.0),,2026.05.06,門別,5,3歳以上(C3),,ダ1800,2:00.5,良,11,4,7,渡辺準己,54.0,1-1-1-1,39.8,438,-6,シルバーミラージュ(0.7),,2021104675,トレビアンクリール,,宮内勇樹,,,,,,,,,,,202430100809,３歳以上Ｃ３ー２Ｃ４,20241008,門別,稍,-14,57,1:15.5,38.3,2,追,5,H,牡,3,202530042310,グランシャリオドリー,20250423,門別,重,-25,56,1:01.7,36.8,2,差,6,M,牡,4,202430100809,３歳以上Ｃ３ー２Ｃ４,20241008,門別,稍,-14,57,1:15.5,38.3,2,追,5,H,牡,3,,,,,,,,,,,,,,,,2021104675,トレビアンクリール,オルフェーヴル,サンデーサイレンス系,スウェプトオーヴァーボード,ネイティヴダンサー系,牡5,57.0,438(-6),宮内勇樹,松本隆宏,53.9,9,3枠,77,93,92,766,1028,7%,16%,25%,67%,72%,2021104675,トレビアンクリール,先,266,203,182,983,1634,16%,28%,39%,93%,73%,2021104675,トレビアンクリール,宮内勇樹,71,52,59,438,620,11%,19%,29%,108%,73%,2021104675,トレビアンクリール,松本隆宏,34,46,46,231,357,9%,22%,35%,68%,77%,2021104675,トレビアンクリール,オルフェーヴル,2,4,6,43,55,3%,10%,21%,30%,59%,2021104675,トレビアンクリール,,0,0,0,0,0,0%,0%,0%,0%,0%,2021104675,トレビアンクリール,門別ダート1200m,2021104675,トレビアンクリール,0,3,2,7,12,0%,25%,42%,0%,170%,,,,,,,,,,,,,,,,,,,,,,,,,,,,,,,,,,,,,,,,,,,,,,,,,,,,,,,,,,,,,,,,,,,,,,,,,,,,,,,2021104675,トレビアンクリール,ダート1200m,,0,3,2,7,12,0%,25%,41.7%,0%,170%,ダート1000m,,1,3,0,8,12,8.3%,33.3%,33.3%,55.8%,115.8%,ダート1500m,,0,0,0,0,0,0%,0%,0%,0%,0%,ダート1600m,,0,0,0,2,2,0%,0%,0%,0%,0%,全成績,,3,6,4,30,43,7%,20.9%,30.2%,149.3%,111.6%,2021104675,トレビアンクリール,ダート門別,,3,6,4,30,43,7%,20.9%,30.2%,149.3%,111.6%,ダート・右,,3,6,4,30,43,7%,20.9%,30.2%,149.3%,111.6%,ダート・左,,0,0,0,0,0,0%,0%,0%,0%,0%,全成績,,3,6,4,30,43,7%,20.9%,30.2%,149.3%,111.6%,2021104675,トレビアンクリール,ダート・良,,1,2,2,17,22,4.5%,13.6%,22.7%,30.5%,42.3%,ダート・稍重,,2,3,2,9,16,12.5%,31.2%,43.8%,359.4%,178.8%,ダート・重,,0,1,0,3,4,0%,25%,25%,0%,252.5%,ダート・不良,,0,0,0,1,1,0%,0%,0%,0%,0%,2021104675,トレビアンクリール,中1週,,2,3,4,24,33,6.1%,15.2%,27.3%,131.2%,65.8%,57kg,,2,5,2,9,18,11.1%,38.9%,50%,153.3%,159.4%,馬体重,連対時馬体重410kg～436kg,,,,,,,,,,,2021104675,トレビアンクリール,全成績,,3,6,4,30,43,7%,20.9%,30.2%,149.3%,111.6%,全成績,,3,6,4,30,43,7%,20.9%,30.2%,149.3%,111.6%,2021104675,トレビアンクリール,全成績,,3,6,4,30,43,7%,20.9%,30.2%,149.3%,111.6%,全成績,,3,6,4,30,43,7%,20.9%,30.2%,149.3%,111.6%,,,,,,,★,3,18.34,1.82,1,2,9.89,0.98
202630081210,4,2021102248,エリオットゲーム,,,,,,,,,,,,,,,,2026.07.30,門別,4,3歳以上(C3),,ダ1200,1:15.3,稍,9,4,7,藤田凌駕,55.0,7-7,38.1,494,+2,キタサンモンドー(0.8),,2026.07.16,門別,5,3歳以上(C3),,ダ1200,1:16.3,重,7,6,4,小野楓馬,57.0,7-7,39.5,492,-6,ピエールテネシー(1.3),,2026.07.02,門別,3,3歳以上(C3),,ダ1200,1:15.9,良,8,1,7,桑村真明,57.0,8-7,37.8,498,0,サラサソフトタッチ(0.2),,2026.06.18,門別,10,グランシ(C3),,ダ1200,1:15.9,良,13,5,5,岩橋勇二,57.0,12-12,38.0,498,-12,コココーハク(1.5),,2026.06.04,門別,6,骨密度な(C3),,ダ1200,1:16.3,良,12,10,4,山本聡哉,57.0,10-9,38.2,510,+10,スティルアローン(1.6),,2021102248,エリオットゲーム,,藤田凌駕,,,,,,,,,,,202530090409,北海道厩務員会賞,20250904,門別,稍,-20,57,1:15.1,38.1,2,追,8,H,牡,4,202530050704,３歳以上Ｃ４ー３,20250507,門別,稍,-18,57,1:01.6,36.4,1,追,7,H,牡,4,202530090409,北海道厩務員会賞,20250904,門別,稍,-20,57,1:15.1,38.1,2,追,8,H,牡,4,,,,,,,,,,,,,,,,2021102248,エリオットゲーム,カリフォルニアクローム,ナスルーラ系,Afternoon Deelites,その他,牡5,55.0,490(-4),藤田凌駕,斉藤正弘,84.6,10,4枠,96,103,100,753,1052,9%,18%,28%,46%,59%,2021102248,エリオットゲーム,差,601,687,714,5259,7261,8%,17%,27%,59%,64%,2021102248,エリオットゲーム,藤田凌駕,21,14,25,234,294,7%,11%,20%,73%,59%,2021102248,エリオットゲーム,斉藤正弘,15,33,32,262,342,4%,14%,23%,16%,59%,2021102248,エリオットゲーム,カリフォルニアクローム,8,13,8,64,93,8%,22%,31%,95%,83%,2021102248,エリオットゲーム,,0,0,0,0,0,0%,0%,0%,0%,0%,2021102248,エリオットゲーム,門別ダート1200m,2021102248,エリオットゲーム,1,4,4,9,18,6%,28%,50%,21%,83%,,,,,,,,,,,,,,,,,,,,,,,,,,,,,,,,,,,,,,,,,,,,,,,,,,,,,,,,,,,,,,,,,,,,,,,,,,,,,,,2021102248,エリオットゲーム,ダート1200m,,1,4,4,9,18,5.6%,27.8%,50%,20.6%,82.8%,ダート1000m,,2,3,2,3,10,20%,50%,70%,61%,100%,ダート1500m,,0,0,0,0,0,0%,0%,0%,0%,0%,ダート1600m,,0,0,0,1,1,0%,0%,0%,0%,0%,全成績,,3,7,6,13,29,10.3%,34.5%,55.2%,33.8%,85.9%,2021102248,エリオットゲーム,ダート門別,,3,7,6,13,29,10.3%,34.5%,55.2%,33.8%,85.9%,ダート・右,,3,7,6,13,29,10.3%,34.5%,55.2%,33.8%,85.9%,ダート・左,,0,0,0,0,0,0%,0%,0%,0%,0%,全成績,,3,7,6,13,29,10.3%,34.5%,55.2%,33.8%,85.9%,2021102248,エリオットゲーム,ダート・良,,1,1,4,7,13,7.7%,15.4%,46.2%,28.5%,82.3%,ダート・稍重,,1,5,1,5,12,8.3%,50%,58.3%,28.3%,91.7%,ダート・重,,1,1,1,1,4,25%,50%,75%,67.5%,80%,ダート・不良,,0,0,0,0,0,0%,0%,0%,0%,0%,2021102248,エリオットゲーム,中1週,,2,4,4,9,19,10.5%,31.6%,52.6%,37.4%,94.7%,55kg,,0,0,0,1,1,0%,0%,0%,0%,0%,馬体重,連対時馬体重484kg～510kg,,,,,,,,,,,2021102248,エリオットゲーム,全成績,,3,7,6,13,29,10.3%,34.5%,55.2%,33.8%,85.9%,全成績,,3,7,6,13,29,10.3%,34.5%,55.2%,33.8%,85.9%,2021102248,エリオットゲーム,全成績,,3,7,6,13,29,10.3%,34.5%,55.2%,33.8%,85.9%,全成績,,3,7,6,13,29,10.3%,34.5%,55.2%,33.8%,85.9%,△,,△,△,,,▲,11,79.93,7.95,3,11,92.9,9.24
202630081210,5,2022100369,ジューンランド,,,,,,,,,,,,,,,,2026.07.30,門別,2,3歳以上(C3),,ダ1200,1:14.5,稍,9,9,3,落合玄太,55.0,5-1,37.6,464,-6,キタサンモンドー(0.0),,2026.07.01,門別,1,道産子ポ(C4),,ダ1200,1:15.8,良,11,11,1,藤田凌駕,53.0,1-1,38.3,470,+4,ブールドネージュ(-1.0),,2026.06.18,門別,2,とみくる(C4),,ダ1200,1:15.6,良,13,13,1,落合玄太,55.0,2-1,39.9,466,-4,サンゼントカガヤク(0.3),,2026.06.04,門別,5,3歳以上(C4),,ダ1000,1:03.2,良,12,7,2,落合玄太,55.0,7-11,37.5,470,+8,フロルドラーダ(1.4),,2026.05.20,門別,2,ウツギ特(C4),,ダ1000,1:01.8,良,12,4,1,落合玄太,55.0,6-6,36.8,462,-6,サクラカレント(0.3),,2022100369,ジューンランド,,落合玄太,,,,,,,,,,,202630073007,３歳以上Ｃ３ー２Ｃ４,20260730,門別,稍,-25,55,1:14.5,37.6,2,追,8,H,牝,4,202630052009,ウツギ特別,20260520,門別,良,-24,55,1:01.8,36.8,2,差,4,H,牝,4,202630073007,３歳以上Ｃ３ー２Ｃ４,20260730,門別,稍,-25,55,1:14.5,37.6,2,追,8,H,牝,4,,,,,,,,,,,,,,,,2022100369,ジューンランド,デクラレーションオブウォー,ノーザンダンサー系,ノボジャック,ノーザンダンサー系,牝4,55.0,458(-6),落合玄太,村上正和,1.8,1,5枠,122,137,142,920,1321,9%,19%,30%,78%,65%,2022100369,ジューンランド,差,601,687,714,5259,7261,8%,17%,27%,59%,64%,2022100369,ジューンランド,落合玄太,120,124,82,408,734,16%,33%,44%,62%,68%,2022100369,ジューンランド,村上正和,43,53,42,298,436,9%,22%,31%,72%,76%,2022100369,ジューンランド,デクラレーションオブウォー,27,25,19,61,132,20%,39%,53%,113%,131%,2022100369,ジューンランド,,0,0,0,0,0,0%,0%,0%,0%,0%,2022100369,ジューンランド,門別ダート1200m,2022100369,ジューンランド,2,2,3,1,8,25%,50%,88%,56%,104%,,,,,,,,,,,,,,,,,,,,,,,,,,,,,,,,,,,,,,,,,,,,,,,,,,,,,,,,,,,,,,,,,,,,,,,,,,,,,,,2022100369,ジューンランド,ダート1200m,,2,2,3,1,8,25%,50%,87.5%,56.2%,103.8%,ダート1000m,,0,2,0,2,4,0%,50%,50%,0%,85%,ダート1500m,,0,0,0,0,0,0%,0%,0%,0%,0%,ダート1600m,,0,0,0,0,0,0%,0%,0%,0%,0%,全成績,,2,4,3,6,15,13.3%,40%,60%,30%,78%,2022100369,ジューンランド,ダート門別,,2,4,3,3,12,16.7%,50%,75%,37.5%,97.5%,ダート・右,,2,4,3,5,14,14.3%,42.9%,64.3%,32.1%,83.6%,ダート・左,,0,0,0,0,0,0%,0%,0%,0%,0%,全成績,,2,4,3,6,15,13.3%,40%,60%,30%,78%,2022100369,ジューンランド,ダート・良,,1,3,1,4,9,11.1%,44.4%,55.6%,16.7%,78.9%,ダート・稍重,,1,1,2,1,5,20%,40%,80%,60%,92%,ダート・重,,0,0,0,0,0,0%,0%,0%,0%,0%,ダート・不良,,0,0,0,0,0,0%,0%,0%,0%,0%,2022100369,ジューンランド,中1週,,2,2,2,3,9,22.2%,44.4%,66.7%,50%,84.4%,55kg,,1,4,3,5,13,7.7%,38.5%,61.5%,23.1%,80.8%,馬体重,連対時馬体重462kg～470kg,,,,,,,,,,,2022100369,ジューンランド,全成績,,2,4,3,6,15,13.3%,40%,60%,30%,78%,全成績,,2,4,3,6,15,13.3%,40%,60%,30%,78%,2022100369,ジューンランド,全成績,,2,4,3,6,15,13.3%,40%,60%,30%,78%,全成績,,2,4,3,6,15,13.3%,40%,60%,30%,78%,▲,◎,◎,▲,,◎,◎,1,0.0,0.0,2,3,20.55,2.04
202630081210,6,2023101646,カセノフォルス,,,,,,,,,,,,,,,,2026.07.30,門別,3,3歳以上(C3),,ダ1200,1:15.0,稍,8,3,4,阿部龍,57.0,2-3,38.2,466,-8,ガイストゼーゲン(0.9),,2026.07.16,門別,1,3歳以上(C4),,ダ1200,1:15.0,重,7,6,1,阿部龍,57.0,3-1,38.5,474,+2,マルティネーテ(-0.2),,2026.06.11,門別,2,3歳以上(C4),,ダ1200,1:16.0,良,9,2,5,桑村真明,57.0,1-1,40.4,472,+2,ジェイソンバローズ(0.6),,2026.05.20,門別,11,グランシ(C4),,ダ1200,1:17.1,良,14,8,4,阿部龍,57.0,10-13,39.2,470,+8,ガイストゼーゲン(2.1),,2026.04.29,門別,1,3歳条件未,,ダ1000,1:02.3,良,9,5,1,阿部龍,57.0,1-1,37.6,462,-12,スーパーパーリー(-0.3),,2023101646,カセノフォルス,,桑村真明,,,,,,,,,,,202630073004,３歳以上Ｃ３ー２Ｃ４,20260730,門別,稍,-27,57,1:15.0,38.2,3,先,3,M,牡,3,202630042901,３歳条件未勝利,20260429,門別,良,-18,57,1:02.3,37.6,1,先,5,M,牡,3,202630073004,３歳以上Ｃ３ー２Ｃ４,20260730,門別,稍,-27,57,1:15.0,38.2,3,先,3,M,牡,3,,,,,,,,,,,,,,,,2023101646,カセノフォルス,ホッコータルマエ,ネイティヴダンサー系,ゼンノロブロイ,サンデーサイレンス系,牡3,57.0,470(+4),桑村真明,角川秀樹,9.1,3,5枠,122,137,142,920,1321,9%,19%,30%,78%,65%,2023101646,カセノフォルス,先,266,203,182,983,1634,16%,28%,39%,93%,73%,2023101646,カセノフォルス,桑村真明,112,95,81,427,715,15%,28%,40%,91%,76%,2023101646,カセノフォルス,角川秀樹,123,121,103,393,740,16%,32%,46%,97%,86%,2023101646,カセノフォルス,ホッコータルマエ,43,30,25,161,259,16%,28%,37%,59%,66%,2023101646,カセノフォルス,,0,0,0,0,0,0%,0%,0%,0%,0%,2023101646,カセノフォルス,門別ダート1200m,2023101646,カセノフォルス,1,1,1,5,8,13%,25%,38%,24%,80%,,,,,,,,,,,,,,,,,,,,,,,,,,,,,,,,,,,,,,,,,,,,,,,,,,,,,,,,,,,,,,,,,,,,,,,,,,,,,,,2023101646,カセノフォルス,ダート1200m,,1,1,1,5,8,12.5%,25%,37.5%,23.8%,80%,ダート1000m,,1,1,0,0,2,50%,100%,100%,90%,150%,ダート1500m,,0,0,0,0,0,0%,0%,0%,0%,0%,ダート1600m,,0,0,0,0,0,0%,0%,0%,0%,0%,全成績,,2,2,1,5,10,20%,40%,50%,37%,94%,2023101646,カセノフォルス,ダート門別,,2,2,1,5,10,20%,40%,50%,37%,94%,ダート・右,,2,2,1,5,10,20%,40%,50%,37%,94%,ダート・左,,0,0,0,0,0,0%,0%,0%,0%,0%,全成績,,2,2,1,5,10,20%,40%,50%,37%,94%,2023101646,カセノフォルス,ダート・良,,1,2,0,4,7,14.3%,42.9%,42.9%,25.7%,102.9%,ダート・稍重,,0,0,1,0,1,0%,0%,100%,0%,120%,ダート・重,,1,0,0,1,2,50%,50%,50%,95%,50%,ダート・不良,,0,0,0,0,0,0%,0%,0%,0%,0%,2023101646,カセノフォルス,中1週,,1,0,1,1,3,33.3%,33.3%,66.7%,60%,73.3%,57kg,,2,2,1,1,6,33.3%,66.7%,83.3%,61.7%,156.7%,馬体重,連対時馬体重462kg～474kg,,,,,,,,,,,2023101646,カセノフォルス,全成績,,2,2,1,5,10,20%,40%,50%,37%,94%,全成績,,2,2,1,5,10,20%,40%,50%,37%,94%,2023101646,カセノフォルス,全成績,,2,2,1,5,10,20%,40%,50%,37%,94%,全成績,,2,2,1,5,10,20%,40%,50%,37%,94%,△,○,○,◎,,○,◎,2,0.75,0.07,2,1,0.0,0.0
202630081210,7,2020100373,マルティネーテ,,,,,,,,,,,,,,,,2026.07.29,門別,1,ホクレン(C4),,ダ1200,1:15.3,稍,8,4,1,小野楓馬,55.0,3-3,39.0,508,+4,バナナボール(0.0),,2026.07.16,門別,2,3歳以上(C4),,ダ1200,1:15.2,重,7,5,2,井上瑛太,55.0,1-1,38.9,504,-2,カセノフォルス(0.2),,2026.07.02,門別,3,3歳以上(C4),,ダ1200,1:16.3,良,9,3,1,井上瑛太,55.0,4-5,38.3,506,-6,グレイトエイト(0.1),,2026.06.18,門別,4,とみくる(C4),,ダ1200,1:16.0,良,13,10,3,井上瑛太,55.0,2-1,40.4,512,-6,サンゼントカガヤク(0.7),,2026.06.04,門別,2,えんどう(C4),,ダ1200,1:15.7,良,13,13,2,井上瑛太,55.0,3-3,39.0,518,+2,スターオブムーラン(1.4),,2020100373,マルティネーテ,,阿部龍,,,,,,,,,,,202430100112,リコリス特別,20241001,門別,良,-22,55,1:14.9,38,4,差,1,H,牝,4,202430082009,サルビア特別,20240820,門別,重,-30,55,1:00.9,36.8,2,先,7,M,牝,4,202304020403,未勝利,20230806,新潟,良,-12,51,1:13.2,37.6,10,追,5,H,牝,3,,,,,,,,,,,,,,,,2020100373,マルティネーテ,ラブリーデイ,ネイティヴダンサー系,ヴァーミリアン,ネイティヴダンサー系,牝6,55.0,508(0),阿部龍,斉藤正弘,19.8,6,6枠,166,157,165,947,1435,11%,22%,34%,59%,71%,2020100373,マルティネーテ,先,266,203,182,983,1634,16%,28%,39%,93%,73%,2020100373,マルティネーテ,阿部龍,83,88,84,467,722,11%,23%,35%,59%,63%,2020100373,マルティネーテ,斉藤正弘,15,33,32,262,342,4%,14%,23%,16%,59%,2020100373,マルティネーテ,ラブリーデイ,7,14,10,52,83,8%,25%,37%,31%,72%,2020100373,マルティネーテ,,0,0,0,0,0,0%,0%,0%,0%,0%,2020100373,マルティネーテ,門別ダート1200m,2020100373,マルティネーテ,1,2,2,8,13,8%,23%,39%,21%,53%,,,,,,,,,,,,,,,,,,,,,,,,,,,,,,,,,,,,,,,,,,,,,,,,,,,,,,,,,,,,,,,,,,,,,,,,,,,,,,,2020100373,マルティネーテ,ダート1200m,,1,2,2,9,14,7.1%,21.4%,35.7%,19.3%,49.3%,ダート1000m,,3,5,2,14,24,12.5%,33.3%,41.7%,196.7%,101.7%,ダート1500m,,0,0,0,0,0,0%,0%,0%,0%,0%,ダート1600m,,0,0,0,2,2,0%,0%,0%,0%,0%,全成績,,4,7,4,30,45,8.9%,24.4%,33.3%,110.9%,69.6%,2020100373,マルティネーテ,ダート門別,,4,7,4,25,40,10%,27.5%,37.5%,124.8%,78.2%,ダート・右,,4,7,4,26,41,9.8%,26.8%,36.6%,121.7%,76.3%,ダート・左,,0,0,0,2,2,0%,0%,0%,0%,0%,全成績,,4,7,4,30,45,8.9%,24.4%,33.3%,110.9%,69.6%,2020100373,マルティネーテ,ダート・良,,2,4,2,11,19,10.5%,31.6%,42.1%,230.5%,106.3%,ダート・稍重,,2,1,2,12,17,11.8%,17.6%,29.4%,35.9%,50%,ダート・重,,0,2,0,4,6,0%,33.3%,33.3%,0%,43.3%,ダート・不良,,0,0,0,1,1,0%,0%,0%,0%,0%,2020100373,マルティネーテ,中1週,,1,7,2,23,33,3%,24.2%,30.3%,8.2%,59.1%,55kg,,3,6,3,22,34,8.8%,26.5%,35.3%,136.8%,76.8%,馬体重,連対時馬体重484kg～518kg,,,,,,,,,,,2020100373,マルティネーテ,全成績,,4,7,4,30,45,8.9%,24.4%,33.3%,110.9%,69.6%,全成績,,4,7,4,30,45,8.9%,24.4%,33.3%,110.9%,69.6%,2020100373,マルティネーテ,全成績,,4,7,4,30,45,8.9%,24.4%,33.3%,110.9%,69.6%,全成績,,4,7,4,30,45,8.9%,24.4%,33.3%,110.9%,69.6%,,△,△,△,,△,△,4,24.49,2.43,1,4,22.19,2.21
202630081210,8,2020104431,ラストカノン,,,,,,,,,,,,,,,,2026.07.22,門別,5,3歳以上(C3),,ダ1200,1:14.7,稍,12,11,7,亀井洋司,55.0,9-8,37.7,496,+2,ダンクバローズ(0.4),,2026.07.02,門別,2,3歳以上(C3),,ダ1200,1:15.7,良,8,7,6,若杉朝飛,55.0,6-6,38.4,494,+2,サラサソフトタッチ(0.0),,2026.06.18,門別,5,グランシ(C3),,ダ1200,1:15.5,良,13,13,10,若杉朝飛,55.0,10-11,37.9,492,0,コココーハク(1.1),,2026.06.04,門別,5,骨密度な(C3),,ダ1200,1:15.9,良,12,3,10,小野楓馬,55.0,11-9,37.7,492,-4,スティルアローン(1.2),,2026.05.21,門別,9,ヒナゲシ(C3),,ダ1200,1:16.6,良,9,3,5,黒澤愛斗,55.0,6-6,38.7,496,-2,クレーバーベン(2.1),,2020104431,ラストカノン,,吉本隆記,,,,,,,,,,,202530060410,グランシャリオドリー,20250604,門別,重,-20,55,1:14.5,38.4,2,差,4,H,牝,5,202430073002,３歳以上Ｃ４ー４,20240730,門別,重,-18,53,1:03.4,37.4,1,差,1,M,牝,4,202530060410,グランシャリオドリー,20250604,門別,重,-20,55,1:14.5,38.4,2,差,4,H,牝,5,,,,,,,,,,,,,,,,2020104431,ラストカノン,シャンハイボビー,ノーザンダンサー系,サクラローレル,ナスルーラ系,牝6,55.0,500(+4),吉本隆記,佐々木国,19.6,5,6枠,166,157,165,947,1435,11%,22%,34%,59%,71%,2020104431,ラストカノン,差,601,687,714,5259,7261,8%,17%,27%,59%,64%,2020104431,ラストカノン,吉本隆記,1,2,3,100,106,0%,2%,5%,7%,25%,2020104431,ラストカノン,佐々木国,32,43,44,405,524,6%,14%,22%,75%,66%,2020104431,ラストカノン,シャンハイボビー,9,15,11,74,109,8%,22%,32%,65%,67%,2020104431,ラストカノン,,0,0,0,0,0,0%,0%,0%,0%,0%,2020104431,ラストカノン,門別ダート1200m,2020104431,ラストカノン,2,3,3,17,25,8%,20%,32%,170%,98%,,,,,,,,,,,,,,,,,,,,,,,,,,,,,,,,,,,,,,,,,,,,,,,,,,,,,,,,,,,,,,,,,,,,,,,,,,,,,,,2020104431,ラストカノン,ダート1200m,,2,3,3,17,25,8%,20%,32%,170%,98.4%,ダート1000m,,1,0,0,1,2,50%,50%,50%,110%,80%,ダート1500m,,0,0,0,0,0,0%,0%,0%,0%,0%,ダート1600m,,0,0,0,0,0,0%,0%,0%,0%,0%,全成績,,3,3,3,18,27,11.1%,22.2%,33.3%,165.6%,97%,2020104431,ラストカノン,ダート門別,,3,3,3,18,27,11.1%,22.2%,33.3%,165.6%,97%,ダート・右,,3,3,3,18,27,11.1%,22.2%,33.3%,165.6%,97%,ダート・左,,0,0,0,0,0,0%,0%,0%,0%,0%,全成績,,3,3,3,18,27,11.1%,22.2%,33.3%,165.6%,97%,2020104431,ラストカノン,ダート・良,,1,1,2,10,14,7.1%,14.3%,28.6%,25.7%,118.6%,ダート・稍重,,1,0,1,6,8,12.5%,12.5%,25%,486.2%,62.5%,ダート・重,,1,2,0,1,4,25%,75%,75%,55%,115%,ダート・不良,,0,0,0,1,1,0%,0%,0%,0%,0%,2020104431,ラストカノン,中2週,,0,0,1,8,9,0%,0%,11.1%,0%,107.8%,55kg,,2,2,1,14,19,10.5%,21.1%,26.3%,223.7%,64.2%,馬体重,連対時馬体重486kg～502kg,,,,,,,,,,,2020104431,ラストカノン,全成績,,3,3,3,18,27,11.1%,22.2%,33.3%,165.6%,97%,全成績,,3,3,3,18,27,11.1%,22.2%,33.3%,165.6%,97%,2020104431,ラストカノン,全成績,,3,3,3,18,27,11.1%,22.2%,33.3%,165.6%,97%,全成績,,3,3,3,18,27,11.1%,22.2%,33.3%,165.6%,97%,○,,▲,○,,,○,10,66.48,6.61,3,10,82.83,8.23
202630081210,9,2023107505,ベルテオドーラ,,,,,,,,,,,,,,,,2026.07.29,門別,7,ホクレン(C3),,ダ1000,1:02.7,稍,10,8,4,桑村真明,55.0,3-3,38.5,426,0,アトニモサキニモ(0.8),,2026.07.14,門別,1,3歳以上(C4),,ダ1000,1:02.0,重,11,2,6,桑村真明,55.0,3-3,37.7,426,-2,モウフブキ(-0.1),,2026.07.02,門別,5,3歳以上(C4),,ダ1000,1:03.7,良,11,5,5,桑村真明,55.0,9-8,38.2,428,+6,アークオブライフ(1.2),,2026.06.11,門別,取,3歳以上(C4),,ダ1200 良,,,9,3,,岩橋勇二,55.0,(0.0),,,,ジェイソンバローズ(0.0),,2026.05.27,門別,5,3歳以上(C4),,ダ1200,1:17.1,良,9,9,3,阿部龍,55.0,2-3,40.9,422,+2,フークシャイニー(2.5),,2023107505,ベルテオドーラ,,近藤翔月,,,,,,,,,,,202630052708,３歳以上Ｃ４ー２,20260527,門別,良,-18,55,1:17.1,40.9,5,先,8,H,牝,3,202630071407,３歳以上Ｃ４ー２,20260714,門別,重,-27,55,1:02.0,37.7,1,先,2,H,牝,3,202606030802,未勝利,20260419,中山,良,-15,55,1:14.3,39.6,15,差,8,H,牝,3,,,,,,,,,,,,,,,,2023107505,ベルテオドーラ,サンダースノー,ノーザンダンサー系,ダイワメジャー,サンデーサイレンス系,牝3,54.0,422(-4),近藤翔月,廣森久雄,47.0,7,7枠,176,159,169,1075,1579,11%,21%,31%,79%,73%,2023107505,ベルテオドーラ,先,266,203,182,983,1634,16%,28%,39%,93%,73%,2023107505,ベルテオドーラ,近藤翔月,4,4,2,36,46,8%,17%,21%,90%,51%,2023107505,ベルテオドーラ,廣森久雄,11,15,14,102,142,7%,18%,28%,21%,52%,2023107505,ベルテオドーラ,サンダースノー,6,3,12,55,76,7%,11%,27%,23%,50%,2023107505,ベルテオドーラ,,0,0,0,0,0,0%,0%,0%,0%,0%,2023107505,ベルテオドーラ,門別ダート1200m,2023107505,ベルテオドーラ,0,0,0,1,1,0%,0%,0%,0%,0%,,,,,,,,,,,,,,,,,,,,,,,,,,,,,,,,,,,,,,,,,,,,,,,,,,,,,,,,,,,,,,,,,,,,,,,,,,,,,,,2023107505,ベルテオドーラ,ダート1200m,,0,0,0,4,4,0%,0%,0%,0%,0%,ダート1000m,,1,0,0,2,3,33.3%,33.3%,33.3%,616.7%,253.3%,ダート1500m,,0,0,0,0,0,0%,0%,0%,0%,0%,ダート1600m,,0,0,0,1,1,0%,0%,0%,0%,0%,全成績,,1,0,0,7,8,12.5%,12.5%,12.5%,231.2%,95%,2023107505,ベルテオドーラ,ダート門別,,1,0,0,3,4,25%,25%,25%,462.5%,190%,ダート・右,,1,0,0,5,6,16.7%,16.7%,16.7%,308.3%,126.7%,ダート・左,,0,0,0,2,2,0%,0%,0%,0%,0%,全成績,,1,0,0,7,8,12.5%,12.5%,12.5%,231.2%,95%,2023107505,ベルテオドーラ,ダート・良,,0,0,0,5,5,0%,0%,0%,0%,0%,ダート・稍重,,0,0,0,2,2,0%,0%,0%,0%,0%,ダート・重,,1,0,0,0,1,100%,100%,100%,1850%,760%,ダート・不良,,0,0,0,0,0,0%,0%,0%,0%,0%,2023107505,ベルテオドーラ,中1週,,1,0,0,2,3,33.3%,33.3%,33.3%,616.7%,253.3%,54kg,,0,0,0,0,0,0%,0%,0%,0%,0%,馬体重,連対時馬体重426kg～426kg,,,,,,,,,,,2023107505,ベルテオドーラ,全成績,,1,0,0,7,8,12.5%,12.5%,12.5%,231.2%,95%,全成績,,1,0,0,7,8,12.5%,12.5%,12.5%,231.2%,95%,2023107505,ベルテオドーラ,全成績,,1,0,0,7,8,12.5%,12.5%,12.5%,231.2%,95%,全成績,,1,0,0,7,8,12.5%,12.5%,12.5%,231.2%,95%,△,▲,,,,▲,,6,39.39,3.92,1,6,42.74,4.25
202630081210,10,2022107206,ロピア,,,,,,,,,,,,,,,,2026.07.30,門別,4,3歳以上(C3),,ダ1200,1:15.8,稍,8,2,5,桑村真明,55.0,7-5,38.4,466,0,ガイストゼーゲン(1.7),,2026.07.02,門別,6,3歳以上(C3),,ダ1200,1:16.2,良,8,4,5,黒澤愛斗,55.0,4-4,39.2,466,-6,サラサソフトタッチ(0.5),,2026.06.18,門別,4,グランシ(C3),,ダ1200,1:15.3,良,13,6,9,黒澤愛斗,55.0,8-8,38.4,472,-4,コココーハク(0.9),,2026.06.04,門別,10,骨密度な(C3),,ダ1200,1:16.9,良,12,8,5,近藤翔月,54.0,7-7,39.1,476,+6,スティルアローン(2.2),,2026.05.14,門別,8,グランシ(C3),,ダ1200,1:16.1,良,12,1,6,近藤翔月,54.0,6-5,38.8,470,0,タイセイルーマー(1.3),,2022107206,ロピア,,黒澤愛斗,,,,,,,,,,,202530080710,グランシャリオドリー,20250807,門別,稍,-18,55,1:15.2,38.3,2,差,5,H,牝,3,202430080101,２歳未勝利,20240801,門別,稍,-26,55,1:02.3,37.2,2,差,7,H,牝,2,202530080710,グランシャリオドリー,20250807,門別,稍,-18,55,1:15.2,38.3,2,差,5,H,牝,3,,,,,,,,,,,,,,,,2022107206,ロピア,ファインニードル,ネイティヴダンサー系,ゴールドヘイロー,サンデーサイレンス系,牝4,55.0,454(-12),黒澤愛斗,小国博行,49.2,8,7枠,176,159,169,1075,1579,11%,21%,31%,79%,73%,2022107206,ロピア,差,601,687,714,5259,7261,8%,17%,27%,59%,64%,2022107206,ロピア,黒沢愛斗,35,37,39,433,544,6%,13%,20%,119%,57%,2022107206,ロピア,小国博行,69,63,49,312,493,13%,26%,36%,46%,59%,2022107206,ロピア,ファインニードル,2,5,6,58,71,2%,9%,18%,4%,35%,2022107206,ロピア,,0,0,0,0,0,0%,0%,0%,0%,0%,2022107206,ロピア,門別ダート1200m,2022107206,ロピア,2,3,4,12,21,10%,24%,43%,13%,77%,,,,,,,,,,,,,,,,,,,,,,,,,,,,,,,,,,,,,,,,,,,,,,,,,,,,,,,,,,,,,,,,,,,,,,,,,,,,,,,2022107206,ロピア,ダート1200m,,2,3,4,12,21,9.5%,23.8%,42.9%,13.3%,77.1%,ダート1000m,,2,4,1,1,8,25%,75%,87.5%,47.5%,258.8%,ダート1500m,,0,0,0,0,0,0%,0%,0%,0%,0%,ダート1600m,,0,0,0,0,0,0%,0%,0%,0%,0%,全成績,,4,7,6,14,31,12.9%,35.5%,54.8%,21.3%,122.6%,2022107206,ロピア,ダート門別,,4,7,6,14,31,12.9%,35.5%,54.8%,21.3%,122.6%,ダート・右,,4,7,6,14,31,12.9%,35.5%,54.8%,21.3%,122.6%,ダート・左,,0,0,0,0,0,0%,0%,0%,0%,0%,全成績,,4,7,6,14,31,12.9%,35.5%,54.8%,21.3%,122.6%,2022107206,ロピア,ダート・良,,2,0,3,6,11,18.2%,18.2%,45.5%,25.5%,98.2%,ダート・稍重,,1,6,3,7,17,5.9%,41.2%,58.8%,9.4%,147.6%,ダート・重,,1,0,0,1,2,50%,50%,50%,110%,55%,ダート・不良,,0,1,0,0,1,0%,100%,100%,0%,100%,2022107206,ロピア,中1週,,2,5,4,7,18,11.1%,38.9%,61.1%,21.1%,169.4%,55kg,,4,7,6,12,29,13.8%,37.9%,58.6%,22.8%,131%,馬体重,連対時馬体重448kg～480kg,,,,,,,,,,,2022107206,ロピア,全成績,,4,7,6,14,31,12.9%,35.5%,54.8%,21.3%,122.6%,全成績,,4,7,6,14,31,12.9%,35.5%,54.8%,21.3%,122.6%,2022107206,ロピア,全成績,,4,7,6,14,31,12.9%,35.5%,54.8%,21.3%,122.6%,全成績,,4,7,6,14,31,12.9%,35.5%,54.8%,21.3%,122.6%,,,,,,,★,7,41.32,4.11,2,7,49.25,4.9
202630081210,11,2023100737,トーケンジンロック,,,,,,,,,,,,,,,,2026.07.29,門別,1,グランシ(C4),,ダ1200,1:14.9,稍,10,1,6,亀井洋司,57.0,2-2,38.1,472,-8,イントルーダー(-0.5),,2026.07.14,門別,5,リョウブ(C4),,ダ1700,1:54.6,重,8,7,4,桑村真明,57.0,3-2-2-5,43.5,480,-18,ベルバロン(4.5),,2026.06.30,門別,9,アヤメ特(C4),,ダ1700,1:56.7,良,9,4,1,桑村真明,57.0,1-1-1-2,45.4,498,+22,バッハ(4.3),,2026.03.22,中山,10,3歳未勝利,,ダ1800,1:58.8,良,15,2,6,長浜鴻緒,55.0,12-12-13-14,40.9,476,-6,イーグルロック(3.4),,2026.03.01,中山,4,3歳未勝利,,ダ1800,1:56.3,稍,16,9,13,長浜鴻緒,55.0,2-2-2-2,40.5,482,-2,アトラステソーロ(1.3),,2023100737,トーケンジンロック,,亀井洋司,,,,,,,,,,,202630072910,グランシャリオドリー,20260729,門別,稍,-27,57,1:14.9,38.1,1,先,1,H,セ,3,,,,,,,,,,,,,,,,202630072910,グランシャリオドリー,20260729,門別,稍,-27,57,1:14.9,38.1,1,先,1,H,セ,3,,,,,,,,,,,,,,,,2023100737,トーケンジンロック,サトノクラウン,ノーザンダンサー系,ディープインパクト,サンデーサイレンス系,セ3,57.0,470(-2),亀井洋司,佐々木国,2.9,2,8枠,217,201,160,1088,1666,13%,25%,34%,91%,72%,2023100737,トーケンジンロック,先,266,203,182,983,1634,16%,28%,39%,93%,73%,2023100737,トーケンジンロック,亀井洋司,17,35,32,349,433,3%,12%,19%,34%,67%,2023100737,トーケンジンロック,佐々木国,32,43,44,405,524,6%,14%,22%,75%,66%,2023100737,トーケンジンロック,サトノクラウン,7,9,13,62,91,7%,17%,31%,58%,99%,2023100737,トーケンジンロック,,0,0,0,0,0,0%,0%,0%,0%,0%,2023100737,トーケンジンロック,門別ダート1200m,2023100737,トーケンジンロック,1,0,0,0,1,100%,100%,100%,1400%,350%,,,,,,,,,,,,,,,,,,,,,,,,,,,,,,,,,,,,,,,,,,,,,,,,,,,,,,,,,,,,,,,,,,,,,,,,,,,,,,,2023100737,トーケンジンロック,ダート1200m,,1,0,0,0,1,100%,100%,100%,1400%,350%,ダート1000m,,0,0,0,0,0,0%,0%,0%,0%,0%,ダート1500m,,0,0,0,0,0,0%,0%,0%,0%,0%,ダート1600m,,0,0,0,0,0,0%,0%,0%,0%,0%,全成績,,1,0,0,6,7,14.3%,14.3%,14.3%,200%,50%,2023100737,トーケンジンロック,ダート門別,,1,0,0,2,3,33.3%,33.3%,33.3%,466.7%,116.7%,ダート・右,,1,0,0,4,5,20%,20%,20%,280%,70%,ダート・左,,0,0,0,0,0,0%,0%,0%,0%,0%,全成績,,1,0,0,6,7,14.3%,14.3%,14.3%,200%,50%,2023100737,トーケンジンロック,ダート・良,,0,0,0,2,2,0%,0%,0%,0%,0%,ダート・稍重,,1,0,0,1,2,50%,50%,50%,700%,175%,ダート・重,,0,0,0,1,1,0%,0%,0%,0%,0%,ダート・不良,,0,0,0,0,0,0%,0%,0%,0%,0%,2023100737,トーケンジンロック,中1週,,1,0,0,1,2,50%,50%,50%,700%,175%,57kg,,1,0,0,3,4,25%,25%,25%,350%,87.5%,馬体重,連対時馬体重472kg～472kg,,,,,,,,,,,2023100737,トーケンジンロック,全成績,,1,0,0,6,7,14.3%,14.3%,14.3%,200%,50%,全成績,,1,0,0,6,7,14.3%,14.3%,14.3%,200%,50%,2023100737,トーケンジンロック,全成績,,1,0,0,6,7,14.3%,14.3%,14.3%,200%,50%,全成績,,1,0,0,6,7,14.3%,14.3%,14.3%,200%,50%,◎,,,,,,▲,5,30.84,3.07,2,5,25.14,2.5
202630081210,12,2022101063,エマダイヤモンド,,,,,,,,,,,,,,,,2026.07.21,門別,1,ハロー!(C4),,ダ1200,1:16.2,良,9,3,2,小野楓馬,55.0,3-2,38.3,500,+2,キタノオンザバス(-0.3),,2026.07.07,門別,2,3歳以上(C4),,ダ1200,1:15.6,良,10,1,4,井上瑛太,55.0,4-4,38.0,498,0,ベリープラウド(0.1),,2026.06.23,門別,2,3歳以上(C4),,ダ1200,1:16.0,稍,9,4,7,井上瑛太,55.0,7-7,37.7,498,+4,コッチャン(0.3),,2026.06.10,門別,9,3歳以上(C4),,ダ1000,1:04.0,稍,9,8,6,井上瑛太,55.0,7-9,37.5,494,+18,バイデント(2.8),,2026.01.14,名古屋,9,C22組,,ダ1400,1:34.3,良,11,6,7,東川慎,55.0,10-11-11,40.7,476,+2,シャルメイビス(2.1),,2022101063,エマダイヤモンド,,小野楓馬,,,,,,,,,,,202630070705,３歳以上Ｃ４ー２,20260707,門別,良,-26,55,1:15.6,38,2,差,1,H,牝,4,202630061004,３歳以上Ｃ４ー２,20260610,門別,稍,-28,55,1:04.0,37.5,9,追,8,M,牝,4,202630070705,３歳以上Ｃ４ー２,20260707,門別,良,-26,55,1:15.6,38,2,差,1,H,牝,4,202548101506,みる君我が家にお迎え,20251015,名古屋,重,0,55,1:38.2,39.5,3,逃,6,M,牝,3,2022101063,エマダイヤモンド,サトノダイヤモンド,サンデーサイレンス系,Gone West,ネイティヴダンサー系,牝4,55.0,496(-4),小野楓馬,桧森邦夫,12.7,4,8枠,217,201,160,1088,1666,13%,25%,34%,91%,72%,2022101063,エマダイヤモンド,差,601,687,714,5259,7261,8%,17%,27%,59%,64%,2022101063,エマダイヤモンド,小野楓馬,80,84,93,524,781,10%,20%,32%,58%,70%,2022101063,エマダイヤモンド,桧森邦夫,37,54,57,414,562,6%,16%,26%,53%,59%,2022101063,エマダイヤモンド,サトノダイヤモンド,14,11,15,59,99,14%,25%,40%,65%,93%,2022101063,エマダイヤモンド,,0,0,0,0,0,0%,0%,0%,0%,0%,2022101063,エマダイヤモンド,門別ダート1200m,2022101063,エマダイヤモンド,1,2,0,0,3,33%,100%,100%,90%,910%,,,,,,,,,,,,,,,,,,,,,,,,,,,,,,,,,,,,,,,,,,,,,,,,,,,,,,,,,,,,,,,,,,,,,,,,,,,,,,,2022101063,エマダイヤモンド,ダート1200m,,1,2,0,1,4,25%,75%,75%,67.5%,682.5%,ダート1000m,,0,0,0,1,1,0%,0%,0%,0%,0%,ダート1500m,,0,0,1,6,7,0%,0%,14.3%,0%,35.7%,ダート1600m,,0,0,0,0,0,0%,0%,0%,0%,0%,全成績,,2,2,1,13,18,11.1%,22.2%,27.8%,65.6%,181.1%,2022101063,エマダイヤモンド,ダート門別,,1,2,0,1,4,25%,75%,75%,67.5%,682.5%,ダート・右,,2,2,1,10,15,13.3%,26.7%,33.3%,78.7%,217.3%,ダート・左,,0,0,0,0,0,0%,0%,0%,0%,0%,全成績,,2,2,1,13,18,11.1%,22.2%,27.8%,65.6%,181.1%,2022101063,エマダイヤモンド,ダート・良,,2,1,0,8,11,18.2%,27.3%,27.3%,107.3%,62.7%,ダート・稍重,,0,1,0,2,3,0%,33.3%,33.3%,0%,773.3%,ダート・重,,0,0,1,0,1,0%,0%,100%,0%,250%,ダート・不良,,0,0,0,0,0,0%,0%,0%,0%,0%,2022101063,エマダイヤモンド,中2週,,0,0,0,1,1,0%,0%,0%,0%,0%,55kg,,2,2,1,10,15,13.3%,26.7%,33.3%,78.7%,217.3%,馬体重,連対時馬体重469kg～500kg,,,,,,,,,,,2022101063,エマダイヤモンド,全成績,,2,2,1,13,18,11.1%,22.2%,27.8%,65.6%,181.1%,全成績,,2,2,1,13,18,11.1%,22.2%,27.8%,65.6%,181.1%,2022101063,エマダイヤモンド,全成績,,2,2,1,13,18,11.1%,22.2%,27.8%,65.6%,181.1%,全成績,,2,2,1,13,18,11.1%,22.2%,27.8%,65.6%,181.1%,,,,,,,★,8,49.79,4.95,1,8,50.89,5.06
